0.089999999999999997
0.704999999999999960
0.469999999999999973
0.915000000000000036
0.599999999999999978
0.694999999999999951
0.025000000000000001
0.450000000000000011
0.270000000000000018
0.800000000000000044
0.869999999999999996
0.744999999999999996
0.479999999999999982
0.299999999999999989
0.810000000000000053
0.550000000000000044
0.680000000000000049
0.239999999999999991
0.810000000000000053
0.915000000000000036
0.244999999999999996
0.400000000000000022
0.154999999999999999
0.359999999999999987
0.234999999999999987
0.294999999999999984
0.125000000000000000
0.949999999999999956
0.609999999999999987
0.910000000000000031
0.390000000000000013
0.775000000000000022
0.805000000000000049
0.814999999999999947
0.785000000000000031
0.709999999999999964
0.280000000000000027
0.400000000000000022
0.964999999999999969
0.330000000000000016
0.179999999999999993
0.944999999999999951
0.344999999999999973
0.405000000000000027
0.135000000000000009
0.864999999999999991
0.115000000000000005
0.220000000000000001
0.984999999999999987
0.505000000000000004
0.535000000000000031
0.494999999999999996
0.905000000000000027
0.839999999999999969
0.174999999999999989
0.260000000000000009
0.119999999999999996
0.770000000000000018
0.260000000000000009
0.225000000000000006
0.515000000000000013
0.834999999999999964
0.734999999999999987
0.140000000000000013
0.154999999999999999
0.849999999999999978
0.289999999999999980
0.135000000000000009
0.195000000000000007
0.214999999999999997
0.289999999999999980
0.844999999999999973
0.250000000000000000
0.525000000000000022
0.375000000000000000
0.810000000000000053
0.890000000000000013
0.905000000000000027
0.179999999999999993
0.704999999999999960
0.179999999999999993
0.839999999999999969
0.119999999999999996
0.895000000000000018
0.170000000000000012
0.144999999999999990
0.349999999999999978
0.299999999999999989
0.895000000000000018
0.734999999999999987
0.494999999999999996
0.810000000000000053
0.719999999999999973
0.905000000000000027
0.709999999999999964
0.719999999999999973
0.149999999999999994
0.165000000000000008
0.755000000000000004
0.875000000000000000
0.165000000000000008
0.739999999999999991
0.719999999999999973
0.560000000000000053
0.380000000000000004
0.344999999999999973
0.854999999999999982
0.244999999999999996
0.839999999999999969
0.330000000000000016
0.320000000000000007
0.479999999999999982
0.685000000000000053
0.890000000000000013
0.635000000000000009
0.545000000000000040
0.869999999999999996
0.179999999999999993
0.130000000000000004
0.915000000000000036
0.569999999999999951
0.785000000000000031
0.765000000000000013
0.625000000000000000
0.520000000000000018
0.939999999999999947
0.309999999999999998
0.414999999999999980
0.489999999999999991
0.785000000000000031
0.125000000000000000
0.719999999999999973
0.170000000000000012
0.289999999999999980
0.375000000000000000
0.395000000000000018
0.765000000000000013
0.100000000000000006
0.354999999999999982
0.184999999999999998
0.275000000000000022
0.765000000000000013
0.309999999999999998
0.234999999999999987
0.085000000000000006
0.680000000000000049
0.900000000000000022
0.520000000000000018
0.949999999999999956
0.270000000000000018
0.755000000000000004
0.770000000000000018
0.484999999999999987
0.369999999999999996
0.434999999999999998
0.154999999999999999
0.220000000000000001
0.814999999999999947
0.414999999999999980
0.014999999999999999
0.244999999999999996
0.364999999999999991
0.055000000000000000
0.074999999999999997
0.869999999999999996
0.564999999999999947
0.599999999999999978
0.849999999999999978
0.184999999999999998
0.875000000000000000
0.755000000000000004
0.775000000000000022
0.555000000000000049
0.170000000000000012
0.165000000000000008
0.184999999999999998
0.500000000000000000
0.445000000000000007
0.250000000000000000
0.900000000000000022
0.340000000000000024
0.230000000000000010
0.424999999999999989
0.819999999999999951
0.814999999999999947
0.719999999999999973
0.619999999999999996
0.100000000000000006
0.330000000000000016
0.795000000000000040
0.800000000000000044
0.179999999999999993
0.525000000000000022
0.645000000000000018
0.494999999999999996
0.304999999999999993
0.640000000000000013
0.969999999999999973
0.469999999999999973
0.050000000000000003
0.829999999999999960
0.289999999999999980
0.445000000000000007
0.520000000000000018
0.209999999999999992
0.939999999999999947
0.209999999999999992
0.465000000000000024
0.704999999999999960
0.625000000000000000
0.574999999999999956
0.225000000000000006
0.239999999999999991
0.814999999999999947
0.925000000000000044
0.905000000000000027
0.239999999999999991
0.765000000000000013
0.160000000000000003
0.144999999999999990
0.849999999999999978
0.234999999999999987
0.320000000000000007
0.704999999999999960
0.760000000000000009
0.959999999999999964
0.869999999999999996
0.530000000000000027
0.915000000000000036
0.949999999999999956
0.270000000000000018
0.734999999999999987
0.040000000000000001
0.170000000000000012
0.414999999999999980
0.734999999999999987
0.255000000000000004
0.275000000000000022
0.935000000000000053
0.325000000000000011
0.234999999999999987
0.704999999999999960
0.630000000000000004
0.500000000000000000
0.195000000000000007
0.200000000000000011
0.270000000000000018
0.750000000000000000
0.244999999999999996
0.844999999999999973
0.805000000000000049
0.149999999999999994
0.270000000000000018
0.959999999999999964
0.289999999999999980
0.299999999999999989
0.635000000000000009
0.640000000000000013
0.515000000000000013
0.834999999999999964
0.614999999999999991
0.364999999999999991
0.500000000000000000
0.184999999999999998
0.429999999999999993
0.905000000000000027
0.330000000000000016
0.149999999999999994
0.375000000000000000
0.530000000000000027
0.614999999999999991
0.225000000000000006
0.265000000000000013
0.625000000000000000
0.325000000000000011
0.140000000000000013
0.165000000000000008
0.255000000000000004
0.680000000000000049
0.299999999999999989
0.160000000000000003
0.944999999999999951
0.510000000000000009
0.819999999999999951
0.214999999999999997
0.284999999999999976
0.035000000000000003
0.954999999999999960
0.739999999999999991
0.540000000000000036
0.510000000000000009
0.160000000000000003
0.260000000000000009
0.505000000000000004
0.074999999999999997
0.680000000000000049
0.655000000000000027
0.220000000000000001
0.214999999999999997
0.805000000000000049
0.819999999999999951
0.320000000000000007
0.625000000000000000
0.135000000000000009
0.920000000000000040
0.910000000000000031
0.630000000000000004
0.849999999999999978
0.765000000000000013
0.805000000000000049
0.340000000000000024
0.520000000000000018
0.040000000000000001
0.200000000000000011
0.179999999999999993
0.304999999999999993
0.119999999999999996
0.135000000000000009
0.315000000000000002
0.160000000000000003
0.465000000000000024
0.744999999999999996
0.255000000000000004
0.265000000000000013
0.100000000000000006
0.555000000000000049
0.195000000000000007
0.354999999999999982
0.309999999999999998
0.250000000000000000
0.195000000000000007
0.200000000000000011
0.220000000000000001
0.110000000000000001
0.239999999999999991
0.790000000000000036
0.270000000000000018
0.755000000000000004
0.294999999999999984
0.214999999999999997
0.675000000000000044
0.434999999999999998
0.035000000000000003
0.385000000000000009
0.110000000000000001
0.744999999999999996
0.424999999999999989
0.280000000000000027
0.309999999999999998
0.795000000000000040
0.484999999999999987
0.875000000000000000
0.220000000000000001
0.195000000000000007
0.179999999999999993
0.739999999999999991
0.239999999999999991
0.244999999999999996
0.445000000000000007
0.839999999999999969
0.880000000000000004
0.935000000000000053
0.299999999999999989
0.864999999999999991
0.214999999999999997
0.179999999999999993
0.699999999999999956
0.089999999999999997
0.969999999999999973
0.359999999999999987
0.584999999999999964
0.630000000000000004
0.280000000000000027
0.195000000000000007
0.465000000000000024
0.400000000000000022
0.160000000000000003
0.775000000000000022
0.869999999999999996
0.230000000000000010
0.070000000000000007
0.680000000000000049
0.275000000000000022
0.230000000000000010
0.354999999999999982
0.780000000000000027
0.564999999999999947
0.380000000000000004
0.925000000000000044
0.284999999999999976
0.140000000000000013
0.419999999999999984
0.775000000000000022
0.724999999999999978
0.854999999999999982
0.144999999999999990
0.680000000000000049
0.119999999999999996
0.270000000000000018
0.604999999999999982
0.675000000000000044
0.149999999999999994
0.095000000000000001
0.214999999999999997
0.294999999999999984
0.869999999999999996
0.289999999999999980
0.694999999999999951
0.220000000000000001
0.349999999999999978
0.915000000000000036
0.239999999999999991
0.650000000000000022
0.125000000000000000
0.875000000000000000
0.520000000000000018
0.209999999999999992
0.255000000000000004
0.930000000000000049
0.729999999999999982
0.140000000000000013
0.250000000000000000
0.479999999999999982
0.560000000000000053
0.225000000000000006
0.770000000000000018
0.765000000000000013
0.520000000000000018
0.450000000000000011
0.800000000000000044
0.819999999999999951
0.335000000000000020
0.854999999999999982
0.869999999999999996
0.635000000000000009
0.214999999999999997
0.190000000000000002
0.179999999999999993
0.059999999999999998
0.854999999999999982
0.770000000000000018
0.675000000000000044
0.225000000000000006
0.115000000000000005
0.505000000000000004
0.750000000000000000
0.969999999999999973
0.325000000000000011
0.880000000000000004
0.709999999999999964
0.275000000000000022
0.250000000000000000
0.750000000000000000
0.545000000000000040
0.070000000000000007
0.209999999999999992
0.059999999999999998
0.510000000000000009
0.535000000000000031
0.760000000000000009
0.915000000000000036
0.170000000000000012
0.044999999999999998
0.100000000000000006
0.645000000000000018
0.694999999999999951
0.650000000000000022
0.864999999999999991
0.085000000000000006
0.739999999999999991
0.380000000000000004
0.854999999999999982
0.670000000000000040
0.265000000000000013
0.540000000000000036
0.949999999999999956
0.574999999999999956
0.204999999999999988
0.414999999999999980
0.340000000000000024
0.589999999999999969
0.540000000000000036
0.385000000000000009
0.849999999999999978
0.179999999999999993
0.270000000000000018
0.875000000000000000
0.440000000000000002
0.074999999999999997
0.744999999999999996
0.589999999999999969
0.805000000000000049
0.755000000000000004
0.195000000000000007
0.540000000000000036
0.214999999999999997
0.270000000000000018
0.805000000000000049
0.390000000000000013
0.140000000000000013
